theresa
12
12
12
7
12
11

6
6
9
9
9
4

109
9.083

backyard
11
2
4
10
11
8

7
5
4
6
1
6

75
6.25

jarjar
10
10
8
12
10
12

12
11
11
12
8
10

126
10.5

miggy
9
11
11
3
8
10

11
12
10
10
11
8

114
9.5

uncle
8
9
5
11
5
9

1
1
12
11
12
12

96
8

gypsy
7
7
6
5
1
2

9
7
8
8
10
3

73
6.083

process
6
6
9
8
7
4

4
9
3
3
7
7

73
6.083

didi
5
4
10
2
4
3

10
10
6
4
6
5

69
5.75

kevin
4
8
2
9
3
7

8
8
7
5
2
1

64
5.33

sos
3
5
3
1
2
5

5
2
1
1
3
2

33
2.75

vino
2
3
7
4
9
6

2
3
2
2
4
9

53
4.4166

dan
1
1
1
6
6
1

3
4
5
7
5
11

51
4.25